584
656
570
241
613
497
71
658
901
924
841
971
308
582
497
271
135
391
540
997
524
956
228
730
999
416
658
79
3
619
784
732
203
416
3
352
231
248
496
71
222
187
496
840
673
394
317
244
348
733
26
431
191
879
190
365
210
361
843
698
145
825
144
927
223
24
182
492
650
377
244
924
894
613
397
692
477
386
695
263
506
393
27
84
365
87
772
564
706
405
827
578
74
724
923
231
543
744
759
673
26
616
736
359
434
315
163
509
139
159
59
971
857
894
168
63
3
744
336
376
37
63
20
149
753
913
287
87
799
823
530
762
731
885
393
704
308
978
730
978
477
672
202
313
582
844
906
203
340
74
336
629
695
861
350
396
26
864
3
635
570
850
130
386
733
352
365
877
653
148
774
448
182
763
892
158
481
364
763
256
956
47
901
523
543
204
561
733
248
274
306
810
578
187
172
135
47
555
283
364
927
810
361
772
629
47
173
998
913
322
699
470
547
22
135
380
829
585
818
724
582
285
625
778
462
31
341
762
202
90
5
599
240
141
233
244
731
173
247
263
587
650
768
635
161
397
315
618
778
711
763
431
635
19
541
817
231
28
206
937
850
434
265
587
45
823
340
869
869
377
935
941
768
59
728
607
358
921
136
332
391
183
506
774
376
501
799
150
655
396
564
620
850
667
35
559
721
763
813
698
545
472
788
593
619
52
117
978
894
509
35
497
204
630
191
717
732
261
90
541
191
699
844
58
158
824
202
150
341
813
482
382
199
91
416
206
998
322
711
5
283
578
759
559
130
490
76
921
233
470
317
405
71
259
533
434
481
332
44
24
744
339
181
861
615
394
794
222
971
183
359
308
84
159
523
599
788
857
826
377
948
163
721
862
364
739
578
506
163
818
317
784
971
81
790
794
434
154
472
620
377
924
797
360
794
255
150
977
824
923
81
948
561
733
530
816
255
172
265
187
584
274
739
382
37
877
740
210
655
593
826
717
655
861
740
497
829
602
740
149
857
174
879
954
931
864
19
247
482
79
366
919
728
228
531
531
148
898
941
602
817
91
778
753
199
877
360
582
350
797
256
22
561
493
105
52
977
31
332
921
618
982
841
540
470
797
38
630
173
547
927
736
141
482
259
240
427
199
448
593
673
935
672
462
885
382
937
377
261
999
493
490
215
276
556
816
501
202
585
790
692
287
945
901
869
27
434
556
892
873
919
543
322
892
607
427
540
492
816
602
982
313
377
271
161
340
308
265
91
332
154
79
45
906
997
159
655
105
509
360
155
255
615
894
679
360
898
555
434
954
68
117
901
68
339
58
144
935
71
204
971
873
276
306
285
497
139
403
954
545
240
194
181
44
679
862
52
241
168
194
941
174
704
732
28
366
879
731
695
843
561
145
358
38
248
524
840
376
843
524
998
825
997
653
501
826
656
405
81
136
20
223
533
625
931
190
490
582
827
616
774
348
556
380
403
706
813
667
655
945
215
76
155
