584
656
344
570
241
613
811
497
71
658
901
491
483
924
841
123
971
308
582
741
497
476
271
135
926
55
391
540
997
488
535
524
956
228
747
730
999
416
272
658
79
583
3
619
355
784
732
203
416
3
352
719
137
231
248
496
633
71
222
187
496
840
673
284
225
324
394
581
317
244
348
590
733
26
395
431
191
879
812
190
365
210
361
983
843
7
698
145
825
144
326
927
223
24
182
492
650
542
377
938
244
924
17
894
613
397
692
663
477
386
16
494
169
695
638
238
263
506
393
606
27
84
175
365
87
499
772
604
564
706
756
405
827
578
800
216
74
724
923
231
29
33
543
888
744
526
92
759
673
119
188
26
616
134
736
359
571
434
315
163
151
509
139
159
59
971
647
857
894
608
168
63
3
744
34
336
376
37
63
20
149
753
913
287
87
799
823
342
487
536
530
659
89
512
762
731
305
885
301
393
704
308
412
121
260
978
730
978
644
477
672
202
312
597
313
369
582
417
252
900
844
906
203
340
74
486
336
432
629
695
546
861
445
350
396
26
864
3
881
635
570
558
219
850
130
386
733
352
365
213
702
877
754
653
148
609
562
774
448
182
424
763
277
892
158
384
481
364
164
722
189
763
61
256
956
47
985
901
93
523
661
421
543
204
114
561
957
743
626
733
789
248
274
614
306
810
715
578
187
172
297
135
727
47
555
752
283
364
927
440
810
361
772
674
629
47
173
518
998
875
913
322
760
699
770
470
547
552
22
135
278
380
66
829
585
208
818
724
475
582
725
285
166
78
625
229
778
462
31
341
762
202
527
90
5
637
49
599
240
267
708
560
141
233
244
731
173
211
662
247
820
544
263
107
936
587
650
428
768
657
635
357
161
110
397
916
356
315
118
618
778
711
870
510
763
12
431
245
635
19
675
541
689
817
146
231
28
153
621
206
883
937
850
434
646
113
265
987
468
587
98
456
828
45
185
823
538
340
949
869
893
869
377
935
941
279
42
834
768
59
728
607
670
358
921
136
332
391
764
183
506
80
774
376
501
799
150
655
588
396
564
620
850
589
667
422
35
559
721
763
813
698
545
472
788
593
619
52
117
978
705
894
489
509
35
497
204
630
550
191
717
304
732
261
90
541
191
429
699
844
58
158
824
202
150
783
341
72
813
482
325
382
591
199
91
410
416
206
998
372
322
711
5
455
283
578
759
559
130
490
205
953
76
973
1000
921
233
470
918
317
405
71
259
533
775
434
481
507
838
332
44
373
24
744
439
339
181
861
615
394
902
794
222
734
971
183
359
308
84
159
737
77
523
599
409
569
716
788
857
826
2
806
461
377
948
163
721
548
862
967
112
200
364
320
739
578
506
163
368
818
317
784
971
81
790
165
680
794
962
617
434
236
154
472
958
720
620
377
500
924
797
360
794
255
150
977
969
824
528
923
120
81
465
852
948
561
733
530
816
255
782
172
265
187
584
274
739
382
156
976
37
101
877
855
740
210
257
655
291
593
826
717
655
861
740
497
991
426
829
602
740
149
796
857
40
925
174
879
954
392
988
931
767
864
19
18
247
482
755
79
366
919
401
728
228
531
99
531
148
700
898
64
941
602
710
186
388
817
91
778
753
314
199
877
73
415
309
360
582
350
797
631
256
934
22
889
561
493
105
52
709
977
251
31
975
332
921
803
11
618
982
841
540
470
797
38
57
630
96
173
547
927
736
141
482
259
240
427
199
448
593
673
243
935
100
903
672
462
595
207
885
382
937
377
511
10
261
999
493
490
215
276
556
816
501
202
246
585
790
692
287
945
132
503
586
901
869
773
460
27
939
434
556
892
399
873
919
543
654
322
878
892
607
427
540
492
816
787
321
602
982
313
377
271
161
968
340
308
994
265
504
91
516
332
178
154
79
45
906
997
521
423
159
655
105
509
9
718
360
109
104
815
965
155
255
615
894
679
360
514
898
555
434
954
849
68
102
117
901
68
339
58
144
935
71
204
792
971
873
276
306
765
285
804
497
139
403
157
954
545
170
41
290
240
160
686
194
221
181
951
932
128
44
679
126
862
52
952
836
241
239
880
168
194
941
174
704
25
732
28
940
922
366
801
879
731
282
435
695
843
750
950
561
463
145
358
677
67
38
248
802
524
840
376
843
726
605
524
217
998
592
825
997
871
653
780
420
501
826
656
405
887
81
964
294
214
136
20
223
746
867
533
625
931
190
333
490
138
582
827
616
774
348
556
380
403
480
706
813
809
329
905
667
714
655
945
215
76
155
884
